
UCD_FORM_OPTIONS <-
  list(
    `saved_id` = "",
    `dataset_code` = "D76",
    `dataset_label` = "Underlying+Cause+of+Death%2C+1999-2020",
    `dataset_vintage` = "2020",
    `stage` = "request",
    `O_javascript` = "on",
    `M_1` = "D76.M1",
    `M_2` = "D76.M2",
    `M_3` = "D76.M3",
    # `B_2` = "*None*",
    # `B_3` = "*None*",
    # `B_4` = "*None*",
    `B_5` = "*None*",
    `O_title` = "",
    `O_oc-sect1-request` = "close",
    `O_rate_per` = "100000",
    `O_aar_pop` = "0000",
    # `O_aar_enable` = "true", # age-adjusted
    # `O_aar` = "aar_none", # age-adjusted
    `VM_D76.M6_D76.V1_S` = "*All*",
    `VM_D76.M6_D76.V7` = "*All*",
    `VM_D76.M6_D76.V17` = "*All*",
    `VM_D76.M6_D76.V8` = "*All*",
    `VM_D76.M6_D76.V10` = "",
    `O_location` = "D76.V9",
    `finder-stage-D76.V9` = "codeset",
    `O_V9_fmode` = "freg",
    `V_D76.V9` = "",
    `I_D76.V9` = "01001+%28Autauga+County%2C+AL%29%0D%0A01003+%28Baldwin+County%2C+AL%29%0D%0A01005+%28Barbour+County%2C+AL%29%0D%0A01007+%28Bibb+County%2C+AL%29%0D%0A01009+%28Blount+County%2C+AL%29%0D%0A01011+%28Bullock+County%2C+AL%29%0D%0A01013+%28Butler+County%2C+AL%29%0D%0A01015+%28Calhoun+County%2C+AL%29%0D%0A01017+%28Chambers+County%2C+AL%29%0D%0A01019+%28Cherokee+County%2C+AL%29%0D%0A",
    `finder-stage-D76.V10` = "codeset",
    `O_V10_fmode` = "freg",
    `V_D76.V10` = "",
    `F_D76.V10` = "*All*",
    `I_D76.V10` = "*All*+%28The+United+States%29%0D%0A",
    `finder-stage-D76.V27` = "codeset",
    `O_V27_fmode` = "freg",
    `V_D76.V27` = "",
    `F_D76.V27` = "*All*",
    `I_D76.V27` = "*All*+%28The+United+States%29%0D%0A",
    # `O_urban` = "D76.V19",
    # `V_D76.V19` = "*All*",
    # `V_D76.V11` = "*All*",
    # `O_age` = "D76.V52",
    # `V_D76.V5` = "*All*", # Age Group
    # `V_D76.V51` = "*All*",
    # `V_D76.V6` = "00",
    `action-Send` = "Send",
    `finder-stage-D76.V1` = "codeset",
    `O_V1_fmode` = "freg",
    `V_D76.V1` = "",
    `I_D76.V1` = "2016+%282016%29%0D%0A2017+%282017%29%0D%0A2018+%282018%29%0D%0A2019+%282019%29%0D%0A2020+%282020+%29%0D%0A",
    # `V_D76.V24` = "*All*",
    # `V_D76.V20` = "*All*",
    # `V_D76.V21` = "*All*",
    # `O_ucd` = "D76.V22",   # Cause of Death
    `finder-stage-D76.V2` = "codeset",
    `O_V2_fmode` = "freg",
    # `V_D76.V2` = "",
    # `F_D76.V2` = "*All*",
    # `I_D76.V2` = "*All*+%28All+Causes+of+Death%29%0D%0A",
    # `V_D76.V4` = "*All*",
    `V_D76.V12` = "*All*",
    `finder-stage-D76.V25` = "codeset",
    `O_V25_fmode` = "freg",
    `V_D76.V25` = "",
    # `F_D76.V25` = "*All*",
    # `I_D76.V25` = "All+Causes+of+Death%0D%0A",
    `O_show_totals` = "true",
    `O_show_zeros` = "true",
    `O_show_suppressed` = "true",
    `O_precision` = "1",
    `O_timeout` = "600",
    `action-Send` = "Send"
  )

UCD_DOWNLOAD_FORM <- list(
  `stage` = "results",
  `O_javascript` = "on",
  `measures_list` = "D76.M1%2CD76.M2%2CD76.M3",
  `O_results_table_options` = "off",
  `O_results_table_api_options` = "off",
  `action-Export` = "Export",
  `O_oc-sect-results` = "",
  `O_title` = "",
  `O_precision` = "1",
  `O_show_totals` = "true",
  `O_show_zeros` = "true",
  `O_show_suppresed` = "disabled",
  `O_labels_opt` = "disabled",
  `tsort` = "byvar%2CBYVARIABLE",
  `measures_show` = "D76.M1",
  `O_oc-sect1-results` = "close",
  `O_group_type` = "grp_std",
  `O_groups_count` = "4",
  `O_groups_methods` = "QUANTILE",
  `group2` = "",
  `group3` = "",
  `group4` = "",
  `group5` = "",
  `group6` = "",
  `group7` = "",
  `group8` = "",
  `group9` = "",
  `group10` = "",
  `O_show_flags_group` = "false"
)


SIMPLE_UCD_FORM <- list(
  "saved_id" = "",
  "dataset_code" = "D76",
  "dataset_label" = "Underlying+Cause+of+Death%2C+1999-2020",
  "dataset_vintage" = "2020",
  "stage" = "request",
  "O_javascript" = "on",
  "M_1" = "D76.M1",
  "M_2" = "D76.M2",
  "M_3" = "D76.M3",
  "O_aar" = "aar_none",
  "action-Send" = "Send",
  "B_1" = "D76.V10-level1",
  "B_2" = "*None*",
  "B_3" = "*None*",
  "B_4" = "*None*",
  "B_5" = "*None*",
  "O_title" = "",
  "O_oc-sect1-request" = "close",
  "O_rate_per" = "100000",
  "O_aar_pop" = "0000",
  "VM_D76.M6_D76.V1_S" = "*All*",
  "VM_D76.M6_D76.V7" = "*All*",
  "VM_D76.M6_D76.V17" = "*All*",
  "VM_D76.M6_D76.V8" = "*All*",
  "VM_D76.M6_D76.V10" = "",
  "O_location" = "D76.V9",
  "finder-stage-D76.V9" = "codeset",
  "O_V9_fmode" = "freg",
  "V_D76.V9" = "",
  "F_D76.V9" = "*All*",
  "I_D76.V9" = "*All*+%28The+United+States%29%0D%0A",
  "finder-stage-D76.V10" = "codeset",
  "O_V10_fmode" = "freg",
  "V_D76.V10" = "",
  "F_D76.V10" = "*All*",
  "I_D76.V10" = "*All*+%28The+United+States%29%0D%0A",
  "finder-stage-D76.V27" = "codeset",
  "O_V27_fmode" = "freg",
  "V_D76.V27" = "",
  "F_D76.V27" = "*All*",
  "I_D76.V27" = "*All*+%28The+United+States%29%0D%0A",
  "O_urban" = "D76.V19",
  "V_D76.V19" = "*All*",
  "V_D76.V11" = "*All*",
  "O_age" = "D76.V5",
  "V_D76.V5" = "*All*",
  "V_D76.V51" = "*All*",
  "V_D76.V52" = "*All*",
  "V_D76.V6" = "00",
  "V_D76.V7" = "*All*",
  "V_D76.V17" = "*All*",
  "V_D76.V8" = "*All*",
  "finder-stage-D76.V1" = "codeset",
  "O_V1_fmode" = "freg",
  "V_D76.V1" = "",
  "F_D76.V1" = "*All*",
  "I_D76.V1" = "*All*+%28All+Dates%29%0D%0A",
  "V_D76.V24" = "*All*",
  "V_D76.V20" = "*All*",
  "V_D76.V21" = "*All*",
  "O_ucd" = "D76.V2",
  "finder-stage-D76.V2" = "codeset",
  "O_V2_fmode" = "freg",
  "V_D76.V2" = "",
  "F_D76.V2" = "*All*",
  "I_D76.V2" = "*All*+%28All+Causes+of+Death%29%0D%0A",
  "V_D76.V4" = "*All*",
  "V_D76.V12" = "*All*",
  "V_D76.V22" = "*All*",
  "V_D76.V23" = "*All*",
  "finder-stage-D76.V25" = "codeset",
  "O_V25_fmode" = "freg",
  "V_D76.V25" = "",
  "F_D76.V25" = "*All*",
  "I_D76.V25" = "All+Causes+of+Death%0D%0A",
  "O_show_totals" = "true",
  "O_precision" = "1",
  "O_timeout" = "600"
)
