UCD_ICD10_TOP_ITEMS_MCD_PROVISIONAL <- c(
  "A00-B99",
  "C00-D48",
  "D50-D89",
  "E00-E88",
  "F01-F99",
  "G00-G98",
  "H00-H57",
  "H60-H93",
  "I00-I99",
  "J00-J98",
  "K00-K92",
  "L00-L98",
  "M00-M99",
  "N00-N98",
  "O00-O99",
  "P00-P96",
  "Q00-Q99",
  "R00-R99",
  "U00-U99",
  "V01-Y89",
  "999--999")


MCD_ICD10_TOP_ITEMS_MCD_PROVISIONAL <- c(
  "A00-B99",
  "C00-D48",
  "D50-D89",
  "E00-E89",
  "F01-F99",
  "G00-G98",
  "H00-H59",
  "H60-H95",
  "I00-I99",
  "J00-J98",
  "K00-K92",
  "L00-L98",
  "M00-M99",
  "N00-N99",
  "O00-O99",
  "P00-P96",
  "Q00-Q99",
  "R00-R99",
  "S00-T98",
  "U00-U99",
  "V01-Y89",
  "999--999")

EXTRA_MCD_PROVISIONAL_UCD_ICD_CODES_KEY <- c(
  "-999--999(Data not shown due to 6 month lag to account fo...)" = "999--999" ,
  "-999-999(Data not shown due to 6 month lag to account fo...)" = "999-999",
  "999(Data not shown due to 6 month lag to account fo...)" = "999"
)

EXTRA_MCD_PROVISIONAL_MCD_ICD_CODES_KEY <- c(
  "-999--999(Data not shown due to 6 month lag to account fo...)" = "999--999" ,
  "-999-999(Data not shown due to 6 month lag to account fo...)" = "999-999",
  "999(Data not shown due to 6 month lag to account fo...)" = "999"
)
