

HHS1 <- c(
  "09",
  "23",
  "25",
  "33",
  "44",
  "50"
)



HHS2 <- c(
  "34",
  "36"
)



HHS3 <- c(
  "10",
  "11",
  "24",
  "42",
  "51",
  "54"
)



HHS4 <- c(
  "01",
  "12",
  "13",
  "21",
  "28",
  "37",
  "45",
  "47"
)


HHS5 <- c(
  "17",
  "18",
  "26",
  "27",
  "39",
  "55"
)


HHS6 <- c(
  "05",
  "22",
  "35",
  "40",
  "48"
)



HHS7 <- c(
  "19",
  "20",
  "29",
  "31"
)



HHS8 <- c(
  "08",
  "30",
  "38",
  "46",
  "49",
  "56"
)


HHS9 <- c(
  "04",
  "06",
  "15",
  "32"
)


HHS10 <- c(
  "02",
  "16",
  "41",
  "53"
)






CENS_D1 <- c(
  "09",
  "23",
  "25",
  "33",
  "44",
  "50"
)


CENS_D2 <- c(
  "34",
  "36",
  "42"
)


CENS_D3 <- c(
  "17",
  "18",
  "26",
  "39",
  "55"
)


CENS_D4 <- c(
  "19",
  "20",
  "27",
  "29",
  "31",
  "38",
  "46"
)


CENS_D5 <- c(
  "10",
  "11",
  "12",
  "13",
  "24",
  "37",
  "45",
  "51",
  "54"
)



CENS_D6 <- c(
  "01",
  "21",
  "28",
  "47"
)



CENS_D7 <- c(
  "05",
  "22",
  "40",
  "48"
)



CENS_D8 <- c(
  "04",
  "08",
  "16",
  "30",
  "32",
  "35",
  "49",
  "56"
)


CENS_D9 <- c(
  "02",
  "06",
  "15",
  "41",
  "53"
)



CENS_R1 <- c(
  CENS_D1,
  CENS_D2
)


CENS_R2 <- c(
  CENS_D3,
  CENS_D4
)


CENS_R3 <- c(
  CENS_D5,
  CENS_D6,
  CENS_D7
)


CENS_R4 <- c(
  CENS_D8,
  CENS_D9
)
